{
 "cells": [
  {
   "cell_type": "markdown",
   "metadata": {},
   "source": [
    "## Classical SDP relaxation of OPF\n",
    "As a first step, we present a simple implementation of the classical SDP formulation of the Optimnal Power Flow problem using CVXPY."
   ]
  },
  {
   "cell_type": "markdown",
   "metadata": {},
   "source": [
    "### Setup\n",
    "We start by importing pandapower for the test cases;\n",
    "CVXPY, an open source Python-embedded modeling language for convex optimization problems;\n",
    "MOSEK, a large scale optimization software. "
   ]
  },
  {
   "cell_type": "code",
   "execution_count": 3,
   "metadata": {},
   "outputs": [],
   "source": [
    "import pandapower.networks as nw\n",
    "import pandapower as pp\n",
    "import numpy as np\n",
    "import cvxpy as cp\n",
    "from scipy.sparse import csr_matrix\n",
    "import mosek"
   ]
  },
  {
   "cell_type": "markdown",
   "metadata": {},
   "source": [
    "### 1st-Example\n",
    "Let's first construct a small, 5-bus grid ourselves to really understand each step.\n",
    "\n",
    "#### Define Variables and admittance matrix"
   ]
  },
  {
   "cell_type": "code",
   "execution_count": 2,
   "metadata": {},
   "outputs": [],
   "source": [
    "n = 5  # Number of buses\n",
    "G = [0, 1]  # Generator buses are either on or off\n",
    "N = range(n)  # All buses\n",
    "Y = np.random.randn(n, n) + 1j * np.random.randn(n, n)  # Admittance matrix\n",
    "c2 = np.array([0.1, 0.2])  # Quadratic cost coefficients\n",
    "c1 = np.array([10, 20])  # Linear cost coefficients\n",
    "c0 = np.array([100, 200])  # Constant cost coefficients\n",
    "P_min = np.array([0, 0])  # Minimum active power\n",
    "P_max = np.array([100, 150])  # Maximum active power\n",
    "Q_min = np.array([-50, -50])  # Minimum reactive power\n",
    "Q_max = np.array([50, 50])  # Maximum reactive power\n",
    "V_min = 0.95  # Minimum voltage magnitude\n",
    "V_max = 1.05  # Maximum voltage magnitude\n",
    "S_max = 200  # Maximum apparent power flow"
   ]
  },
  {
   "cell_type": "markdown",
   "metadata": {},
   "source": [
    "#### Define Optimization Variables\n",
    "Let's define the power flow constraint variables (P, Q) and the PSD matrix (X)."
   ]
  },
  {
   "cell_type": "code",
   "execution_count": 3,
   "metadata": {},
   "outputs": [],
   "source": [
    "# Define optimization variables\n",
    "X = cp.Variable((n, n), hermitian=True)  # X = VV^+\n",
    "P = cp.Variable(len(G))  # Active power generation\n",
    "Q = cp.Variable(len(G))  # Reactive power generation"
   ]
  },
  {
   "cell_type": "markdown",
   "metadata": {},
   "source": [
    "#### Define Objective function"
   ]
  },
  {
   "cell_type": "code",
   "execution_count": 4,
   "metadata": {},
   "outputs": [],
   "source": [
    "# Define objective\n",
    "objective = cp.Minimize(cp.sum(c2 @ cp.square(P) + c1 @ P + c0))"
   ]
  },
  {
   "cell_type": "markdown",
   "metadata": {},
   "source": [
    "#### Constraints"
   ]
  },
  {
   "cell_type": "code",
   "execution_count": 5,
   "metadata": {},
   "outputs": [],
   "source": [
    "constraints = [X >> 0]  # X is positive semidefinite\n",
    "for i in G:\n",
    "    constraints += [P_min[i] <= P[i], P[i] <= P_max[i]]\n",
    "    constraints += [Q_min[i] <= Q[i], Q[i] <= Q_max[i]]\n",
    "for i in N:\n",
    "    constraints += [V_min**2 <= cp.real(X[i, i]), cp.real(X[i, i]) <= V_max**2]\n",
    "for i in N:\n",
    "    for j in N:\n",
    "        if i != j:\n",
    "            S_ij = Y[i, j].conj() * X[i, j]\n",
    "            constraints += [cp.abs(S_ij) <= S_max]"
   ]
  },
  {
   "cell_type": "markdown",
   "metadata": {},
   "source": [
    "#### Solve the problem using cvxpy's SDP solvers. (probably IPM)"
   ]
  },
  {
   "cell_type": "code",
   "execution_count": 7,
   "metadata": {},
   "outputs": [
    {
     "name": "stdout",
     "output_type": "stream",
     "text": [
      "Optimal value: 300.0000000001779\n",
      "X matrix: [[1.00235207+0.j 0.        +0.j 0.        +0.j 0.        +0.j\n",
      "  0.        +0.j]\n",
      " [0.        +0.j 1.00235207+0.j 0.        +0.j 0.        +0.j\n",
      "  0.        +0.j]\n",
      " [0.        +0.j 0.        +0.j 1.00235207+0.j 0.        +0.j\n",
      "  0.        +0.j]\n",
      " [0.        +0.j 0.        +0.j 0.        +0.j 1.00235207+0.j\n",
      "  0.        +0.j]\n",
      " [0.        +0.j 0.        +0.j 0.        +0.j 0.        +0.j\n",
      "  1.00235207+0.j]]\n",
      "P: [2.82054517e-12 3.03767099e-12]\n",
      "Q: [-50. -50.]\n"
     ]
    }
   ],
   "source": [
    "problem = cp.Problem(objective, constraints)\n",
    "# Solve using a free solver (e.g., ECOS)\n",
    "problem.solve()\n",
    "\n",
    "# Print results\n",
    "print(\"Optimal value:\", problem.value)\n",
    "print(\"X matrix:\", X.value)\n",
    "print(\"P:\", P.value)\n",
    "print(\"Q:\", Q.value)"
   ]
  },
  {
   "cell_type": "markdown",
   "metadata": {},
   "source": [
    "### Load Network Data\n",
    "Now,let's make a function that loads the IEEE test cases from Pandapower."
   ]
  },
  {
   "cell_type": "code",
   "execution_count": 4,
   "metadata": {},
   "outputs": [],
   "source": [
    "# Select IEEE test case\n",
    "def load_network(case):\n",
    "    if case == 14:\n",
    "        return nw.case14()\n",
    "    elif case == 30:\n",
    "        return nw.case30()\n",
    "    elif case == 57:\n",
    "        return nw.case57()\n",
    "    elif case == 118:\n",
    "        return nw.case118()\n",
    "    else:\n",
    "        raise ValueError(\"Unsupported test case\")"
   ]
  },
  {
   "cell_type": "code",
   "execution_count": 41,
   "metadata": {},
   "outputs": [],
   "source": [
    "# Load the chosen IEEE test case\n",
    "case_number = 30 # Change to 30, 57, or 118 for larger cases\n",
    "net = load_network(case_number)\n",
    "pp.runpp(net)  # Run power flow to initialize values"
   ]
  },
  {
   "cell_type": "markdown",
   "metadata": {},
   "source": [
    "When a power flow is carried out, the element based grid model is translated into a bus-branch model. That bus-branch model is stored in a data structure that is based on the PYPOWER/MATPOWER casefile (with some extensions). This ppc can be accessed after power flow using net._ppc\n",
    "We will get the bus admittance matrix using exactly that and extract all the parameters we need."
   ]
  },
  {
   "cell_type": "code",
   "execution_count": 42,
   "metadata": {},
   "outputs": [
    {
     "data": {
      "text/plain": [
       "array([12.7,  1.2,  1.6, 10.9, 30. ,  2. ,  7.5,  1.6,  2.5,  1.8,  5.8,\n",
       "        0.9,  3.4,  0.7, 11.2,  1.6,  6.7,  2.3,  0.9,  1.9])"
      ]
     },
     "execution_count": 42,
     "metadata": {},
     "output_type": "execute_result"
    }
   ],
   "source": [
    "#Example of what the bus-branch model look like\n",
    "# net._ppc \n",
    "net.load[\"q_mvar\"].values"
   ]
  },
  {
   "cell_type": "code",
   "execution_count": 43,
   "metadata": {},
   "outputs": [],
   "source": [
    "# Now, we extract network parameters\n",
    "Ybus = net._ppc[\"internal\"][\"Ybus\"].todense() # Bus admittance matrix (we need todense since the matrices are stored as sparcse matrices, but dense are easier to work with)\n",
    "n = len(net.bus)  # Number of buses\n",
    "branch = net.line  # Get each transmission line's specification for line constraints\n",
    "\n",
    "# Extract generator information for generation constraints\n",
    "gen_buses = net.gen[\"bus\"].values #.values convert the dataframe to numpy arrays\n",
    "Pg_min = net.gen[\"min_p_mw\"].values #minimal real power generation limit\n",
    "Pg_max = net.gen[\"max_p_mw\"].values #maximum real power generation limit\n",
    "Q_min = net.gen[\"min_q_mvar\"].values #minimal reactive power generation limit\n",
    "Q_max = net.gen[\"max_q_mvar\"].values #maximum real power generation limit\n",
    "\n",
    "# Extract non-generator buses for generation constraints\n",
    "Pd = np.zeros(n)  # Default to zero\n",
    "Qd = np.zeros(n)\n",
    "Pd[net.load[\"bus\"].values] = net.load[\"p_mw\"].values #load real power demand\n",
    "Qd[net.load[\"bus\"].values] = net.load[\"q_mvar\"].values #load reactive power demand\n",
    "\n",
    "# Voltage limits\n",
    "V_min = net.bus[\"min_vm_pu\"].values ** 2  # Squared for SDP\n",
    "V_max = net.bus[\"max_vm_pu\"].values ** 2"
   ]
  },
  {
   "cell_type": "markdown",
   "metadata": {},
   "source": [
    "### Define Variable\n",
    "Define the SDP Matrix X in CVXPY. We want X to be PSD. If X is rank-1, then our solution is the global optimal. In most power system cases, X is rank-1.\n",
    "Represents voltage relations in SDP relaxation."
   ]
  },
  {
   "cell_type": "code",
   "execution_count": 53,
   "metadata": {},
   "outputs": [],
   "source": [
    "# Define an arbitrary n x n Hermitian X (Directly enforcing X= V V^+ will require X to be rank-1, which is too strict. We use the power balance, PSD and voltage constraints to guide this arbitrary X to X = VV^+)\n",
    "X = cp.Variable((n, n), hermitian=True)\n",
    "\n",
    "# Objective function: Minimize Pg, the matrix representing the real power generation at each generator \n",
    "Pg = cp.real(cp.trace(X @ Ybus))  # P_g = XY. The trace sums up all the power generation and estimate the cost. We also ensure Pg is real-valued\n",
    "\n",
    "\n",
    "# Constraints\n",
    "constraints = []\n",
    "\n",
    "# Power balance equations (real and reactive)\n",
    "for i in range(n):\n",
    "    P_i = cp.real(Ybus[i, :] @ X @ Ybus[:,i])  # Extract real power injection at bus i\n",
    "    Q_i = cp.imag(Ybus[i, :] @ X @ Ybus[:,i])  # Extract reactive power injection at bus i\n",
    "\n",
    "    # If bus is a generator bus, enforce generation limits\n",
    "    if i in gen_buses:\n",
    "        idx = np.where(gen_buses == i)[0][0]  # Get generator index\n",
    "        constraints.append(Pg_min[idx] <= P_i)\n",
    "        constraints.append(P_i <= Pg_max[idx])\n",
    "        constraints.append(Q_min[idx] <= Q_i)\n",
    "        constraints.append(Q_i <= Q_max[idx])\n",
    "    # else:\n",
    "    #     # For non-generator buses, enforce power balance constraints\n",
    "    #     constraints.append(P_i == -Pd[i])\n",
    "    #     constraints.append(Q_i == -Qd[i])\n",
    "\n",
    "\n",
    "# Voltage magnitude constraints\n",
    "for i in range(n):\n",
    "    constraints.append(V_min[i] <= cp.real(X[i, i]))\n",
    "    constraints.append(cp.real(X[i, i]) <= V_max[i])\n",
    "\n",
    "# Positive semidefinite constraint\n",
    "constraints.append(X >> 0)"
   ]
  },
  {
   "cell_type": "markdown",
   "metadata": {},
   "source": [
    "### Solve using cvxpy's SDP solver"
   ]
  },
  {
   "cell_type": "code",
   "execution_count": 54,
   "metadata": {},
   "outputs": [
    {
     "name": "stdout",
     "output_type": "stream",
     "text": [
      "Optimal cost: 0.0\n",
      "Optimal voltage matrix X:\n",
      " [[ 1.07061827e+00+0.00000000e+00j  9.72943800e-01-1.12190572e-14j\n",
      "  -2.27521143e-15+1.00112875e-15j  8.94205025e-01+5.57747077e-14j\n",
      "   8.10468027e-01-1.75270147e-13j  8.95966045e-01+4.51070932e-14j\n",
      "  -1.86786722e-15-1.67080662e-15j -1.30687306e-15-1.99760043e-15j\n",
      "   1.17338926e-15+2.20835667e-15j -2.67793045e-15-2.85232761e-15j\n",
      "  -1.54334342e-15+7.64247477e-17j -1.24124859e-15-2.98434558e-15j\n",
      "  -1.24125185e-15-2.98432334e-15j -1.21063279e-15+8.84314707e-16j\n",
      "  -2.95954729e-15-1.74086533e-15j  1.36647051e-15+1.68028165e-15j\n",
      "   4.96557460e-16+6.15100987e-16j  3.36196887e-16+7.42173707e-16j\n",
      "  -7.13301175e-16+2.74777104e-15j -1.16374360e-16+1.54441728e-15j\n",
      "  -3.50859977e-15-4.25812698e-15j -3.76684538e-15-4.23140383e-15j\n",
      "  -4.68367122e-15-3.19808361e-15j -6.94160112e-15-5.11427806e-15j\n",
      "  -1.43822084e-15-1.57789012e-15j  6.49812478e-16+9.20329168e-16j\n",
      "  -2.53087939e-15-1.65397998e-15j -3.93480303e-15-1.93270039e-15j\n",
      "  -1.49995105e-15-1.01888713e-15j -1.07786907e-15-1.68451863e-15j]\n",
      " [ 9.72943800e-01+1.12190572e-14j  9.23337384e-01+0.00000000e+00j\n",
      "  -2.07793076e-15+9.47083364e-16j  8.83727176e-01+6.12278589e-14j\n",
      "   8.22747117e-01-1.52717122e-13j  8.89707544e-01+5.10180177e-14j\n",
      "  -1.78266370e-15-1.47621992e-15j -1.31592878e-15-2.14098204e-15j\n",
      "   1.10191533e-15+1.76575631e-15j -1.54080333e-15-2.19409640e-15j\n",
      "  -1.29365344e-15-2.07494999e-16j -1.16680210e-15-2.78618793e-15j\n",
      "  -1.16680638e-15-2.78618154e-15j -1.36078551e-15+5.73767195e-16j\n",
      "  -2.75395988e-15-1.59500729e-15j  8.98332977e-16+1.26860822e-15j\n",
      "   4.57248714e-16+7.22917641e-16j  4.15596717e-16+6.48993525e-16j\n",
      "  -6.98684240e-16+2.44602645e-15j -1.38287077e-16+1.52207909e-15j\n",
      "  -1.99357050e-15-3.39833476e-15j -2.28934046e-15-3.37808721e-15j\n",
      "  -4.06113510e-15-2.69732943e-15j -5.77441934e-15-4.14897102e-15j\n",
      "  -1.00471376e-15-1.38900615e-15j  7.89952359e-16+8.74615844e-16j\n",
      "  -1.98137870e-15-1.41685908e-15j -3.29776774e-15-1.57867872e-15j\n",
      "  -1.06749837e-15-9.39876232e-16j -7.58798226e-16-1.32979047e-15j]\n",
      " [-2.27521143e-15-1.00112875e-15j -2.07793076e-15-9.47083364e-16j\n",
      "   9.56741556e-01+0.00000000e+00j -2.41335967e-15-1.15391333e-15j\n",
      "  -7.41236967e-16-3.41947410e-16j -2.39967185e-15-9.79478160e-16j\n",
      "   1.27758616e-14+1.11274222e-15j -1.58199743e-14+4.27241797e-15j\n",
      "  -4.34501539e-15-3.95381563e-15j -5.80248933e-15-9.49746553e-16j\n",
      "   9.67281612e-15+4.11318438e-15j -3.96782503e-16+3.77353823e-16j\n",
      "  -3.96785048e-16+3.77308098e-16j  3.00842713e-15+1.40098713e-14j\n",
      "   1.48938753e-15+1.00113654e-15j -5.65792304e-15+5.53370582e-15j\n",
      "  -1.27176973e-15+5.81238942e-15j -1.05345219e-15+1.46641217e-15j\n",
      "   1.09120948e-16+7.38603899e-15j  8.79689655e-16-5.80702231e-15j\n",
      "  -5.94491429e-15-9.63095574e-16j -5.54128681e-15-8.19987801e-16j\n",
      "   8.93854550e-16+1.02265953e-15j  1.00341635e-16+1.03613473e-15j\n",
      "  -3.50529572e-15-2.34631037e-15j -6.02537449e-15+6.02637777e-15j\n",
      "  -3.71089840e-15-2.93574145e-15j -2.98859964e-15-2.68216065e-15j\n",
      "  -3.99452429e-15-2.92546220e-15j -2.73464729e-15-3.30405624e-15j]\n",
      " [ 8.94205025e-01-5.57747077e-14j  8.83727176e-01-6.12278589e-14j\n",
      "  -2.41335967e-15+1.15391333e-15j  1.05173881e+00+0.00000000e+00j\n",
      "   7.01574913e-01-1.97720945e-13j  8.30699466e-01-6.93063610e-15j\n",
      "  -1.96516473e-15-1.78340428e-15j -1.03957163e-15-1.60654528e-15j\n",
      "   1.11461001e-15+2.60303036e-15j -3.05093923e-15-3.30234595e-15j\n",
      "  -1.82351076e-15+7.85713327e-16j -1.33500247e-15-3.88504379e-15j\n",
      "  -1.33503142e-15-3.88509585e-15j -7.66134944e-16+1.14268568e-15j\n",
      "  -3.08670667e-15-2.05105853e-15j  2.04035988e-15+2.25823541e-15j\n",
      "   5.97996333e-16+5.28107294e-16j  2.78716560e-16+8.06820915e-16j\n",
      "  -7.15446049e-16+2.99927140e-15j  1.40175721e-16+1.59444531e-15j\n",
      "  -4.87661496e-15-4.97668021e-15j -5.06369458e-15-4.97211784e-15j\n",
      "  -5.41415288e-15-3.92116005e-15j -8.46897481e-15-6.38332753e-15j\n",
      "  -2.08974369e-15-2.02697129e-15j  5.65995559e-16+8.85784502e-16j\n",
      "  -3.34389152e-15-1.95583792e-15j -4.80717039e-15-2.13908687e-15j\n",
      "  -2.12693904e-15-1.37751041e-15j -1.75443515e-15-1.86707503e-15j]\n",
      " [ 8.10468027e-01+1.75270147e-13j  8.22747117e-01+1.52717122e-13j\n",
      "  -7.41236967e-16+3.41947410e-16j  7.01574913e-01+1.97720945e-13j\n",
      "   1.05078267e+00+0.00000000e+00j  7.43256901e-01+1.82484299e-13j\n",
      "  -1.12468267e-15-2.86466880e-16j -1.53950282e-15-3.52395451e-15j\n",
      "   7.27800345e-16-6.55826126e-16j  4.58874152e-15+1.70982077e-15j\n",
      "   4.23277638e-16-2.27164513e-15j -6.96148028e-16-3.14017881e-16j\n",
      "  -6.96136229e-16-3.14005488e-16j -2.66283464e-15-1.52404925e-15j\n",
      "  -1.32470653e-15-3.36684086e-16j -2.13017702e-15-1.81310244e-15j\n",
      "   7.16227399e-17+1.17970442e-15j  8.98128957e-16-9.95422702e-17j\n",
      "  -4.85605654e-16+4.77282871e-16j -5.99698245e-16+1.40893883e-15j\n",
      "   7.14751530e-15+1.78439882e-15j  6.62908280e-15+1.82586341e-15j\n",
      "   2.90651675e-16+8.76235083e-16j  2.41576570e-15+2.46215532e-15j\n",
      "   2.09834440e-15-8.92392277e-17j  1.58559207e-15+6.29933188e-16j\n",
      "   1.99059308e-15+1.30675904e-16j  1.47363790e-15+7.99880638e-16j\n",
      "   1.77523331e-15-1.34622639e-16j  1.77768968e-15+1.49161707e-16j]\n",
      " [ 8.95966045e-01-4.51070932e-14j  8.89707544e-01-5.10180177e-14j\n",
      "  -2.39967185e-15+9.79478160e-16j  8.30699466e-01+6.93063610e-15j\n",
      "   7.43256901e-01-1.82484299e-13j  1.05032031e+00+0.00000000e+00j\n",
      "  -1.93688145e-15-1.66640814e-15j -1.40204049e-15-1.73542038e-15j\n",
      "   1.24169314e-15+1.89110257e-15j -2.59672363e-15-2.57929914e-15j\n",
      "  -1.64922425e-15-4.44524324e-17j -1.18291375e-15-3.46697974e-15j\n",
      "  -1.18291083e-15-3.46696535e-15j -1.10640528e-15+1.16165783e-15j\n",
      "  -3.14236649e-15-1.89824233e-15j  1.21510485e-15+1.98482705e-15j\n",
      "   5.57398116e-16+7.99973802e-16j  3.16717615e-16+9.08512677e-16j\n",
      "  -8.32855716e-16+2.82417435e-15j -5.45798494e-17+1.46647575e-15j\n",
      "  -3.39730243e-15-3.93706133e-15j -3.69001041e-15-3.94929863e-15j\n",
      "  -4.93438424e-15-3.36035576e-15j -7.29305075e-15-5.28285793e-15j\n",
      "  -1.57987433e-15-1.38110004e-15j  6.52517850e-16+9.51841212e-16j\n",
      "  -2.75019990e-15-1.59307691e-15j -4.42019521e-15-2.17074724e-15j\n",
      "  -1.40430746e-15-9.84449991e-16j -1.21919902e-15-1.11364862e-15j]\n",
      " [-1.86786722e-15+1.67080662e-15j -1.78266370e-15+1.47621992e-15j\n",
      "   1.27758616e-14-1.11274222e-15j -1.96516473e-15+1.78340428e-15j\n",
      "  -1.12468267e-15+2.86466880e-16j -1.93688145e-15+1.66640814e-15j\n",
      "   9.56741556e-01+0.00000000e+00j -7.25475991e-15+6.23269229e-15j\n",
      "   1.81268465e-15+5.88724243e-15j -9.48497263e-16+2.14390895e-15j\n",
      "  -1.07976023e-14+2.87274030e-15j -1.63047115e-15+1.76690029e-15j\n",
      "  -1.63046579e-15+1.76689196e-15j -5.85898551e-15+6.55992197e-15j\n",
      "   2.35556838e-15+1.44662816e-15j  8.29315668e-15-3.50178177e-15j\n",
      "  -5.63180422e-15-1.64981026e-15j -1.23748824e-14+3.15748045e-15j\n",
      "  -4.69043777e-15+2.71515358e-15j  2.52466042e-15+2.84104476e-15j\n",
      "  -6.91343342e-16+2.69588917e-15j -6.14631471e-16+2.56712052e-15j\n",
      "   1.81481977e-15+1.54690792e-15j  1.10268842e-15+1.69349891e-15j\n",
      "   2.55950622e-15-2.18663007e-17j  1.92751434e-15+1.07781464e-14j\n",
      "   2.30414106e-15-2.14458389e-16j  1.37602296e-15-5.69591232e-17j\n",
      "   2.56154150e-15-4.98710837e-16j  1.84273801e-15-2.51036943e-17j]\n",
      " [-1.30687306e-15+1.99760043e-15j -1.31592878e-15+2.14098204e-15j\n",
      "  -1.58199743e-14-4.27241797e-15j -1.03957163e-15+1.60654528e-15j\n",
      "  -1.53950282e-15+3.52395451e-15j -1.40204049e-15+1.73542038e-15j\n",
      "  -7.25475991e-15-6.23269229e-15j  9.56741556e-01+0.00000000e+00j\n",
      "   2.72704465e-15+8.60970150e-15j -2.72928457e-16-7.71656675e-16j\n",
      "   6.57710301e-15+5.29038006e-15j  3.56245511e-16-2.39227228e-16j\n",
      "   3.56255531e-16-2.39234896e-16j -4.12242346e-15-6.87890674e-15j\n",
      "   1.00655845e-15-6.51941087e-16j -2.89978734e-16+1.42229852e-14j\n",
      "  -5.43095168e-15+9.29172474e-16j  5.44516679e-15-1.22705276e-14j\n",
      "  -4.59610934e-15-5.63446348e-15j -1.36571548e-14+5.09136186e-15j\n",
      "   2.55115707e-16-7.45200704e-17j  1.72658562e-16-4.53642036e-17j\n",
      "   6.96684251e-16+2.64234532e-16j  2.91817602e-16+1.48474044e-15j\n",
      "  -1.38009703e-15+1.09249627e-15j  1.52110142e-15+1.84474586e-16j\n",
      "  -1.05080521e-15+1.08934084e-15j  3.66803549e-17+8.02869599e-16j\n",
      "  -1.16402573e-15+8.11104983e-16j -1.82902748e-15+1.08149091e-15j]\n",
      " [ 1.17338926e-15-2.20835667e-15j  1.10191533e-15-1.76575631e-15j\n",
      "  -4.34501539e-15+3.95381563e-15j  1.11461001e-15-2.60303036e-15j\n",
      "   7.27800345e-16+6.55826126e-16j  1.24169314e-15-1.89110257e-15j\n",
      "   1.81268465e-15-5.88724243e-15j  2.72704465e-15-8.60970150e-15j\n",
      "   9.56741556e-01+0.00000000e+00j  2.22193413e-17-1.49660430e-15j\n",
      "   2.58908716e-15-1.53342843e-14j -3.93146013e-16-3.32963134e-16j\n",
      "  -3.93174686e-16-3.32950762e-16j -7.05476096e-16+5.45212353e-15j\n",
      "  -8.60688539e-16-7.29673011e-16j -4.11411053e-15+1.21957274e-14j\n",
      "  -2.85300698e-15+4.42417921e-17j -5.77072653e-15-1.09974581e-14j\n",
      "  -9.12444539e-15-4.23248029e-15j  2.75490375e-15+1.74001883e-15j\n",
      "  -2.48247893e-16-2.23875146e-15j -2.54238370e-16-2.09121404e-15j\n",
      "  -7.69247515e-16-9.88233463e-16j -6.41809157e-16-1.33539828e-15j\n",
      "   2.88774712e-15-2.96795585e-15j -4.85630521e-15-9.03444782e-16j\n",
      "   3.24879152e-15-3.33769766e-15j  2.35122999e-15-2.76605351e-15j\n",
      "   3.11839759e-15-3.76585748e-15j  3.83930038e-15-2.45633405e-15j]\n",
      " [-2.67793045e-15+2.85232761e-15j -1.54080333e-15+2.19409640e-15j\n",
      "  -5.80248933e-15+9.49746553e-16j -3.05093923e-15+3.30234595e-15j\n",
      "   4.58874152e-15-1.70982077e-15j -2.59672363e-15+2.57929914e-15j\n",
      "  -9.48497263e-16-2.14390895e-15j -2.72928457e-16+7.71656675e-16j\n",
      "   2.22193413e-17+1.49660430e-15j  1.03442532e+00+0.00000000e+00j\n",
      "   2.39088300e-16+1.91009146e-15j  2.19478210e-15+5.31906063e-15j\n",
      "   2.19478348e-15+5.31949399e-15j -1.02752238e-15+7.19975057e-16j\n",
      "   2.52117783e-01-1.65908700e-13j -1.17233953e-15+8.33916991e-16j\n",
      "  -4.93270241e-16+5.15372167e-16j -1.13311152e-15+6.98093689e-16j\n",
      "   1.96238855e-15-6.31279890e-16j  1.24716773e-15+8.13757722e-16j\n",
      "   8.01016324e-01+1.09416482e-14j  7.98925218e-01+1.17200138e-14j\n",
      "   2.74845882e-01-7.88437236e-14j  3.02641219e-01+3.62655587e-14j\n",
      "   3.06096524e-15+6.01938538e-16j -1.07884112e-16-8.04708743e-18j\n",
      "   3.26236115e-15+2.06521919e-15j  3.15598154e-15+4.37369911e-15j\n",
      "   3.46196307e-15+1.24622671e-15j  2.85859857e-15+5.17643762e-16j]\n",
      " [-1.54334342e-15-7.64247477e-17j -1.29365344e-15+2.07494999e-16j\n",
      "   9.67281612e-15-4.11318438e-15j -1.82351076e-15-7.85713327e-16j\n",
      "   4.23277638e-16+2.27164513e-15j -1.64922425e-15+4.44524324e-17j\n",
      "  -1.07976023e-14-2.87274030e-15j  6.57710301e-15-5.29038006e-15j\n",
      "   2.58908716e-15+1.53342843e-14j  2.39088300e-16-1.91009146e-15j\n",
      "   9.56741556e-01+0.00000000e+00j -1.05642694e-15-1.57989758e-15j\n",
      "  -1.05641275e-15-1.57989209e-15j  1.75937642e-15+3.47329320e-15j\n",
      "   5.52411101e-16+2.92889932e-15j -1.54746906e-14-3.19840282e-15j\n",
      "  -1.19520668e-14-8.16634912e-15j -5.17609600e-15+1.07835604e-15j\n",
      "  -1.17863447e-15-1.51505034e-14j -7.76510836e-16+6.02201984e-16j\n",
      "  -4.09729090e-17-1.93672870e-15j -5.65471545e-17-1.71262706e-15j\n",
      "  -6.18727082e-17+2.35369853e-15j -8.64454976e-16+1.59912464e-15j\n",
      "  -7.53598269e-16+9.09648767e-16j  1.25283449e-14-5.25036601e-15j\n",
      "  -7.92118738e-16+9.54321466e-16j -6.66809622e-16+9.36364706e-16j\n",
      "  -3.61697142e-16+5.91187342e-16j -1.20209690e-15+1.10468139e-15j]\n",
      " [-1.24124859e-15+2.98434558e-15j -1.16680210e-15+2.78618793e-15j\n",
      "  -3.96782503e-16-3.77353823e-16j -1.33500247e-15+3.88504379e-15j\n",
      "  -6.96148028e-16+3.14017881e-16j -1.18291375e-15+3.46697974e-15j\n",
      "  -1.63047115e-15-1.76690029e-15j  3.56245511e-16+2.39227228e-16j\n",
      "  -3.93146013e-16+3.32963134e-16j  2.19478210e-15-5.31906063e-15j\n",
      "  -1.05642694e-15+1.57989758e-15j  1.02375303e+00+0.00000000e+00j\n",
      "   1.02375298e+00+1.76327266e-16j -1.33537117e-15-7.98859193e-16j\n",
      "  -9.35561808e-16-8.73441489e-15j -1.36557325e-18+6.49232626e-16j\n",
      "   9.97851773e-16-8.38948469e-16j  6.36135548e-16+9.03605866e-16j\n",
      "   1.03212988e-15+4.72220298e-16j -4.40809788e-17+8.16200046e-16j\n",
      "   2.01530080e-15-6.22617800e-15j  1.85742747e-15-6.39484606e-15j\n",
      "  -1.02643061e-15-8.82410116e-15j -1.13717678e-15-8.91549405e-15j\n",
      "   2.12324970e-15-2.23380906e-15j  3.39408129e-16+2.30411891e-16j\n",
      "   1.78965988e-15-2.44136781e-15j  7.88430299e-16-1.76371772e-15j\n",
      "   1.95788261e-15-2.90051475e-15j  1.72389102e-15-2.21581544e-15j]\n",
      " [-1.24125185e-15+2.98432334e-15j -1.16680638e-15+2.78618154e-15j\n",
      "  -3.96785048e-16-3.77308098e-16j -1.33503142e-15+3.88509585e-15j\n",
      "  -6.96136229e-16+3.14005488e-16j -1.18291083e-15+3.46696535e-15j\n",
      "  -1.63046579e-15-1.76689196e-15j  3.56255531e-16+2.39234896e-16j\n",
      "  -3.93174686e-16+3.32950762e-16j  2.19478348e-15-5.31949399e-15j\n",
      "  -1.05641275e-15+1.57989209e-15j  1.02375298e+00-1.76327266e-16j\n",
      "   1.02375293e+00+0.00000000e+00j -1.33537337e-15-7.98879090e-16j\n",
      "  -9.35593294e-16-8.73469300e-15j -1.35784950e-18+6.49239098e-16j\n",
      "   9.97861088e-16-8.38932508e-16j  6.36127832e-16+9.03632513e-16j\n",
      "   1.03211929e-15+4.72220268e-16j -4.40560181e-17+8.16209540e-16j\n",
      "   2.01527451e-15-6.22634102e-15j  1.85740520e-15-6.39505396e-15j\n",
      "  -1.02645414e-15-8.82438455e-15j -1.13719023e-15-8.91576647e-15j\n",
      "   2.12326282e-15-2.23384401e-15j  3.39394792e-16+2.30398559e-16j\n",
      "   1.78965485e-15-2.44141814e-15j  7.88421049e-16-1.76376465e-15j\n",
      "   1.95785312e-15-2.90057284e-15j  1.72388067e-15-2.21586438e-15j]\n",
      " [-1.21063279e-15-8.84314707e-16j -1.36078551e-15-5.73767195e-16j\n",
      "   3.00842713e-15-1.40098713e-14j -7.66134944e-16-1.14268568e-15j\n",
      "  -2.66283464e-15+1.52404925e-15j -1.10640528e-15-1.16165783e-15j\n",
      "  -5.85898551e-15-6.55992197e-15j -4.12242346e-15+6.87890674e-15j\n",
      "  -7.05476096e-16-5.45212353e-15j -1.02752238e-15-7.19975057e-16j\n",
      "   1.75937642e-15-3.47329320e-15j -1.33537117e-15+7.98859193e-16j\n",
      "  -1.33537337e-15+7.98879090e-16j  9.56741556e-01+0.00000000e+00j\n",
      "   1.78681204e-15+2.92152201e-15j  1.36730844e-14+8.55170005e-15j\n",
      "  -1.30288214e-16+3.45887481e-15j  1.28569677e-14+3.15621318e-16j\n",
      "  -3.38693035e-15+4.30297478e-15j -2.91663820e-15+9.03321703e-16j\n",
      "  -6.94386360e-16-3.30419882e-16j -6.21232602e-16-2.64331229e-16j\n",
      "   1.43572187e-15+2.26897119e-15j  9.74091380e-16+1.41095784e-15j\n",
      "   2.69515638e-15+1.83857487e-15j  1.75408940e-14+7.57888401e-15j\n",
      "   2.09499371e-15+1.62177528e-15j  3.24270491e-16+1.30982006e-15j\n",
      "   2.51416099e-15+1.79478345e-15j  2.48534306e-15+8.96520583e-16j]\n",
      " [-2.95954729e-15+1.74086533e-15j -2.75395988e-15+1.59500729e-15j\n",
      "   1.48938753e-15-1.00113654e-15j -3.08670667e-15+2.05105853e-15j\n",
      "  -1.32470653e-15+3.36684086e-16j -3.14236649e-15+1.89824233e-15j\n",
      "   2.35556838e-15-1.44662816e-15j  1.00655845e-15+6.51941087e-16j\n",
      "  -8.60688539e-16+7.29673011e-16j  2.52117783e-01+1.65908700e-13j\n",
      "   5.52411101e-16-2.92889932e-15j -9.35561808e-16+8.73441489e-15j\n",
      "  -9.35593294e-16+8.73469300e-15j  1.78681204e-15-2.92152201e-15j\n",
      "   1.05979898e+00+0.00000000e+00j  4.53384257e-16-4.95227075e-16j\n",
      "   1.00732783e-15-1.52441461e-15j -1.07052796e-15-7.06896641e-16j\n",
      "  -8.43227652e-16-2.56049634e-15j -2.00546771e-16+5.64839415e-16j\n",
      "   3.31833065e-01+3.06077969e-13j  3.59127737e-01+3.19206657e-13j\n",
      "   9.49699408e-01+2.95661753e-13j  8.03434899e-01+6.84533421e-13j\n",
      "  -1.22626647e-15+1.15863499e-15j  2.25300872e-16-8.13298214e-16j\n",
      "  -1.24226174e-15+1.30850226e-16j -3.58539600e-16-2.59776746e-15j\n",
      "  -2.46958270e-15+2.17931210e-15j -9.71148156e-16+1.11244476e-16j]\n",
      " [ 1.36647051e-15-1.68028165e-15j  8.98332977e-16-1.26860822e-15j\n",
      "  -5.65792304e-15-5.53370582e-15j  2.04035988e-15-2.25823541e-15j\n",
      "  -2.13017702e-15+1.81310244e-15j  1.21510485e-15-1.98482705e-15j\n",
      "   8.29315668e-15+3.50178177e-15j -2.89978734e-16-1.42229852e-14j\n",
      "  -4.11411053e-15-1.21957274e-14j -1.17233953e-15-8.33916991e-16j\n",
      "  -1.54746906e-14+3.19840282e-15j -1.36557325e-18-6.49232626e-16j\n",
      "  -1.35784950e-18-6.49239098e-16j  1.36730844e-14-8.55170005e-15j\n",
      "   4.53384257e-16+4.95227075e-16j  9.56741556e-01+0.00000000e+00j\n",
      "  -1.15706235e-15-1.14235399e-14j -3.77470622e-15+6.47385625e-15j\n",
      "   3.71630780e-15-7.23350249e-15j  1.88464492e-14+7.54923282e-16j\n",
      "  -1.24170995e-15-4.78324183e-16j -1.20151342e-15-4.85301671e-16j\n",
      "   8.89533564e-17+3.53166082e-16j -3.86942626e-16+1.71088950e-16j\n",
      "   2.35252389e-15+3.20525255e-16j  1.42587246e-14-8.33480808e-15j\n",
      "   2.17797217e-15-1.95132308e-16j  1.27159162e-15-7.29743827e-16j\n",
      "   1.98343129e-15-3.33437707e-16j  2.61382341e-15+1.50384248e-16j]\n",
      " [ 4.96557460e-16-6.15100987e-16j  4.57248714e-16-7.22917641e-16j\n",
      "  -1.27176973e-15-5.81238942e-15j  5.97996333e-16-5.28107294e-16j\n",
      "   7.16227399e-17-1.17970442e-15j  5.57398116e-16-7.99973802e-16j\n",
      "  -5.63180422e-15+1.64981026e-15j -5.43095168e-15-9.29172474e-16j\n",
      "  -2.85300698e-15-4.42417921e-17j -4.93270241e-16-5.15372167e-16j\n",
      "  -1.19520668e-14+8.16634912e-15j  9.97851773e-16+8.38948469e-16j\n",
      "   9.97861088e-16+8.38932508e-16j -1.30288214e-16-3.45887481e-15j\n",
      "   1.00732783e-15+1.52441461e-15j -1.15706235e-15+1.14235399e-14j\n",
      "   9.56741556e-01+0.00000000e+00j  1.24322280e-14+4.02625248e-16j\n",
      "   2.17428969e-15+4.13585245e-15j  2.48877503e-15+6.41567412e-15j\n",
      "  -5.83712767e-16-1.00135260e-16j -5.29926888e-16-5.89240187e-17j\n",
      "   5.90976610e-16+1.50521636e-15j  4.11275658e-17+1.48861493e-15j\n",
      "  -1.33849101e-16-4.39441439e-18j -1.04886073e-14+2.20752859e-16j\n",
      "   3.55074261e-17+2.99682647e-17j  5.78564382e-17+6.50035041e-16j\n",
      "   7.88635303e-17-5.36658650e-16j  3.08908112e-16-3.46273134e-16j]\n",
      " [ 3.36196887e-16-7.42173707e-16j  4.15596717e-16-6.48993525e-16j\n",
      "  -1.05345219e-15-1.46641217e-15j  2.78716560e-16-8.06820915e-16j\n",
      "   8.98128957e-16+9.95422702e-17j  3.16717615e-16-9.08512677e-16j\n",
      "  -1.23748824e-14-3.15748045e-15j  5.44516679e-15+1.22705276e-14j\n",
      "  -5.77072653e-15+1.09974581e-14j -1.13311152e-15-6.98093689e-16j\n",
      "  -5.17609600e-15-1.07835604e-15j  6.36135548e-16-9.03605866e-16j\n",
      "   6.36127832e-16-9.03632513e-16j  1.28569677e-14-3.15621318e-16j\n",
      "  -1.07052796e-15+7.06896641e-16j -3.77470622e-15-6.47385625e-15j\n",
      "   1.24322280e-14-4.02625248e-16j  9.56741556e-01+0.00000000e+00j\n",
      "   4.29930984e-15-1.06097266e-14j -8.76448608e-15+1.86733868e-15j\n",
      "  -8.17394152e-16-4.55355328e-16j -9.58690957e-16-4.66648247e-16j\n",
      "  -1.51501666e-15+4.99115405e-16j -2.08970979e-15+2.30432698e-16j\n",
      "  -1.40335349e-15+1.67530908e-15j  1.44464542e-15-9.45044636e-15j\n",
      "  -1.34432676e-15+1.79049958e-15j -7.50366493e-16+1.47390950e-15j\n",
      "  -1.24918136e-15+1.58192086e-15j -1.42694644e-15+1.87794880e-15j]\n",
      " [-7.13301175e-16-2.74777104e-15j -6.98684240e-16-2.44602645e-15j\n",
      "   1.09120948e-16-7.38603899e-15j -7.15446049e-16-2.99927140e-15j\n",
      "  -4.85605654e-16-4.77282871e-16j -8.32855716e-16-2.82417435e-15j\n",
      "  -4.69043777e-15-2.71515358e-15j -4.59610934e-15+5.63446348e-15j\n",
      "  -9.12444539e-15+4.23248029e-15j  1.96238855e-15+6.31279890e-16j\n",
      "  -1.17863447e-15+1.51505034e-14j  1.03212988e-15-4.72220298e-16j\n",
      "   1.03211929e-15-4.72220268e-16j -3.38693035e-15-4.30297478e-15j\n",
      "  -8.43227652e-16+2.56049634e-15j  3.71630780e-15+7.23350249e-15j\n",
      "   2.17428969e-15-4.13585245e-15j  4.29930984e-15+1.06097266e-14j\n",
      "   9.56741556e-01+0.00000000e+00j -1.10568503e-15+2.48570184e-15j\n",
      "   1.66081765e-15+1.27752129e-15j  1.60689652e-15+1.26877873e-15j\n",
      "  -4.28024540e-16+2.44408460e-15j  1.14680286e-16+2.29816999e-15j\n",
      "   1.91595629e-16+1.96531312e-15j  1.45599607e-14-4.92218670e-15j\n",
      "   1.72655583e-16+1.66604338e-15j -5.66560939e-16+4.86051044e-16j\n",
      "   9.88726382e-16+2.38000183e-15j  2.74536259e-16+1.45921686e-15j]\n",
      " [-1.16374360e-16-1.54441728e-15j -1.38287077e-16-1.52207909e-15j\n",
      "   8.79689655e-16+5.80702231e-15j  1.40175721e-16-1.59444531e-15j\n",
      "  -5.99698245e-16-1.40893883e-15j -5.45798494e-17-1.46647575e-15j\n",
      "   2.52466042e-15-2.84104476e-15j -1.36571548e-14-5.09136186e-15j\n",
      "   2.75490375e-15-1.74001883e-15j  1.24716773e-15-8.13757722e-16j\n",
      "  -7.76510836e-16-6.02201984e-16j -4.40809788e-17-8.16200046e-16j\n",
      "  -4.40560181e-17-8.16209540e-16j -2.91663820e-15-9.03321703e-16j\n",
      "  -2.00546771e-16-5.64839415e-16j  1.88464492e-14-7.54923282e-16j\n",
      "   2.48877503e-15-6.41567412e-15j -8.76448608e-15-1.86733868e-15j\n",
      "  -1.10568503e-15-2.48570184e-15j  9.56741556e-01+0.00000000e+00j\n",
      "   1.17953206e-15-8.73185338e-16j  1.10057163e-15-8.45402013e-16j\n",
      "  -2.50078565e-16-6.14000278e-16j -3.18996162e-16-6.78896172e-16j\n",
      "   1.25855890e-15+1.93676128e-15j -2.12279241e-15-2.31315121e-15j\n",
      "   1.00387404e-15+1.65010897e-15j  2.81487596e-16-1.00651703e-17j\n",
      "   1.42809895e-15+2.29239059e-15j  6.72525508e-16+2.09891207e-15j]\n",
      " [-3.50859977e-15+4.25812698e-15j -1.99357050e-15+3.39833476e-15j\n",
      "  -5.94491429e-15+9.63095574e-16j -4.87661496e-15+4.97668021e-15j\n",
      "   7.14751530e-15-1.78439882e-15j -3.39730243e-15+3.93706133e-15j\n",
      "  -6.91343342e-16-2.69588917e-15j  2.55115707e-16+7.45200704e-17j\n",
      "  -2.48247893e-16+2.23875146e-15j  8.01016324e-01-1.09416482e-14j\n",
      "  -4.09729090e-17+1.93672870e-15j  2.01530080e-15+6.22617800e-15j\n",
      "   2.01527451e-15+6.22634102e-15j -6.94386360e-16+3.30419882e-16j\n",
      "   3.31833065e-01-3.06077969e-13j -1.24170995e-15+4.78324183e-16j\n",
      "  -5.83712767e-16+1.00135260e-16j -8.17394152e-16+4.55355328e-16j\n",
      "   1.66081765e-15-1.27752129e-15j  1.17953206e-15+8.73185338e-16j\n",
      "   1.06802965e+00+0.00000000e+00j  9.99496024e-01+2.02507565e-15j\n",
      "   3.70934754e-01-1.56385125e-13j  4.21362074e-01+4.01592593e-14j\n",
      "   2.27197222e-15+6.35816051e-16j -1.26565413e-16-2.39713908e-16j\n",
      "   2.32505938e-15+2.03315091e-15j  2.73432946e-15+4.57086937e-15j\n",
      "   1.85817944e-15+1.36432426e-15j  2.14867908e-15-3.50162989e-16j]\n",
      " [-3.76684538e-15+4.23140383e-15j -2.28934046e-15+3.37808721e-15j\n",
      "  -5.54128681e-15+8.19987801e-16j -5.06369458e-15+4.97211784e-15j\n",
      "   6.62908280e-15-1.82586341e-15j -3.69001041e-15+3.94929863e-15j\n",
      "  -6.14631471e-16-2.56712052e-15j  1.72658562e-16+4.53642036e-17j\n",
      "  -2.54238370e-16+2.09121404e-15j  7.98925218e-01-1.17200138e-14j\n",
      "  -5.65471545e-17+1.71262706e-15j  1.85742747e-15+6.39484606e-15j\n",
      "   1.85740520e-15+6.39505396e-15j -6.21232602e-16+2.64331229e-16j\n",
      "   3.59127737e-01-3.19206657e-13j -1.20151342e-15+4.85301671e-16j\n",
      "  -5.29926888e-16+5.89240187e-17j -9.58690957e-16+4.66648247e-16j\n",
      "   1.60689652e-15-1.26877873e-15j  1.10057163e-15+8.45402013e-16j\n",
      "   9.99496024e-01-2.02507565e-15j  9.45726510e-01+0.00000000e+00j\n",
      "   4.01484205e-01-1.65013115e-13j  4.55976610e-01+3.75571181e-14j\n",
      "   2.47049004e-15+6.46789303e-16j -1.23869846e-16-2.66072724e-16j\n",
      "   2.51152047e-15+1.89487427e-15j  2.81495990e-15+4.10455171e-15j\n",
      "   2.07553537e-15+1.36991552e-15j  2.32141633e-15-2.99104571e-16j]\n",
      " [-4.68367122e-15+3.19808361e-15j -4.06113510e-15+2.69732943e-15j\n",
      "   8.93854550e-16-1.02265953e-15j -5.41415288e-15+3.92116005e-15j\n",
      "   2.90651675e-16-8.76235083e-16j -4.93438424e-15+3.36035576e-15j\n",
      "   1.81481977e-15-1.54690792e-15j  6.96684251e-16-2.64234532e-16j\n",
      "  -7.69247515e-16+9.88233463e-16j  2.74845882e-01+7.88437236e-14j\n",
      "  -6.18727082e-17-2.35369853e-15j -1.02643061e-15+8.82410116e-15j\n",
      "  -1.02645414e-15+8.82438455e-15j  1.43572187e-15-2.26897119e-15j\n",
      "   9.49699408e-01-2.95661753e-13j  8.89533564e-17-3.53166082e-16j\n",
      "   5.90976610e-16-1.50521636e-15j -1.51501666e-15-4.99115405e-16j\n",
      "  -4.28024540e-16-2.44408460e-15j -2.50078565e-16+6.14000278e-16j\n",
      "   3.70934754e-01+1.56385125e-13j  4.01484205e-01+1.65013115e-13j\n",
      "   9.35334532e-01+0.00000000e+00j  9.14778447e-01+3.88756481e-13j\n",
      "   2.10844611e-16+7.88792760e-16j  2.18635683e-17-9.79961254e-16j\n",
      "   5.47300923e-17-2.26633673e-16j  6.02715975e-16-2.62787537e-15j\n",
      "  -1.09230724e-15+1.73206733e-15j  2.98681189e-16-6.53426526e-16j]\n",
      " [-6.94160112e-15+5.11427806e-15j -5.77441934e-15+4.14897102e-15j\n",
      "   1.00341635e-16-1.03613473e-15j -8.46897481e-15+6.38332753e-15j\n",
      "   2.41576570e-15-2.46215532e-15j -7.29305075e-15+5.28285793e-15j\n",
      "   1.10268842e-15-1.69349891e-15j  2.91817602e-16-1.48474044e-15j\n",
      "  -6.41809157e-16+1.33539828e-15j  3.02641219e-01-3.62655587e-14j\n",
      "  -8.64454976e-16-1.59912464e-15j -1.13717678e-15+8.91549405e-15j\n",
      "  -1.13719023e-15+8.91576647e-15j  9.74091380e-16-1.41095784e-15j\n",
      "   8.03434899e-01-6.84533421e-13j -3.86942626e-16-1.71088950e-16j\n",
      "   4.11275658e-17-1.48861493e-15j -2.08970979e-15-2.30432698e-16j\n",
      "   1.14680286e-16-2.29816999e-15j -3.18996162e-16+6.78896172e-16j\n",
      "   4.21362074e-01-4.01592593e-14j  4.55976610e-01-3.75571181e-14j\n",
      "   9.14778447e-01-3.88756481e-13j  1.05936845e+00+0.00000000e+00j\n",
      "   2.07724929e-15+3.01159640e-16j -2.48288069e-16-1.20184916e-15j\n",
      "   1.73617334e-15-7.00178049e-16j  1.84894472e-15-2.67097329e-15j\n",
      "   6.95837744e-16+1.14314114e-15j  1.94929493e-15-1.67040121e-15j]\n",
      " [-1.43822084e-15+1.57789012e-15j -1.00471376e-15+1.38900615e-15j\n",
      "  -3.50529572e-15+2.34631037e-15j -2.08974369e-15+2.02697129e-15j\n",
      "   2.09834440e-15+8.92392277e-17j -1.57987433e-15+1.38110004e-15j\n",
      "   2.55950622e-15+2.18663007e-17j -1.38009703e-15-1.09249627e-15j\n",
      "   2.88774712e-15+2.96795585e-15j  3.06096524e-15-6.01938538e-16j\n",
      "  -7.53598269e-16-9.09648767e-16j  2.12324970e-15+2.23380906e-15j\n",
      "   2.12326282e-15+2.23384401e-15j  2.69515638e-15-1.83857487e-15j\n",
      "  -1.22626647e-15-1.15863499e-15j  2.35252389e-15-3.20525255e-16j\n",
      "  -1.33849101e-16+4.39441439e-18j -1.40335349e-15-1.67530908e-15j\n",
      "   1.91595629e-16-1.96531312e-15j  1.25855890e-15-1.93676128e-15j\n",
      "   2.27197222e-15-6.35816051e-16j  2.47049004e-15-6.46789303e-16j\n",
      "   2.10844611e-16-7.88792760e-16j  2.07724929e-15-3.01159640e-16j\n",
      "   1.05529276e+00+0.00000000e+00j -1.07565364e-15+1.13147168e-16j\n",
      "   9.17719643e-01-4.61323570e-16j  6.30246831e-01-6.71348434e-16j\n",
      "   8.20483524e-01-1.58978468e-15j  7.76610358e-01-6.68293754e-17j]\n",
